-1.2270694317575659
0.9713520223600349
0.9237535510716584
0.291529374083007
-0.21876223703610284
-2.5534037177191817
-0.21410157388281703
-0.27283069211778954
0.5196366434247544
0.10295132297125562
-1.4669295175239254
-1.534132027144399
-0.4976007667098582
1.033384716045008
-0.8686108120834728
-0.26409408159181536
1.8423155423478157
-1.6500668954217148
0.7894702014699124
-0.6368972537037413
-0.6943946008825319
0.19006905068274285
-0.9401517112364474
-0.9738760526293277
2.6490187847583506
-0.45322162049723963
1.102953657785101
1.652096904944929
-0.21297273561425037
-1.6559576212886973
1.2596470369893922
0.70498832006358
