-0.2144568294790707
0.27217794710410675
-0.33665092480059694
0.2987578452963567
-0.9881325834863272
-2.5019666779090284
2.356861934215619
-0.029518357882571844
0.1283700774228654
-1.8357394355578491
0.29797759715026184
0.8105157980357299
-1.039227494947156
-0.7779217255252053
1.3022024537957155
-1.8613295961046075
-0.6052141073145157
1.94123086945777
-0.25119412208623587
0.8498728813996823
0.8373146115442249
0.4452203626190533
1.0728877877588985
-1.6061271513103896
-0.25569993668255364
1.2971922522068746
0.5445845913865175
-1.4303306906794009
1.0189014349529018
-0.029844266083835003
0.798130672700113
1.284875190748137
