-0.06749549629327686
-0.06776695904113639
1.0602079301913168
1.2364763310676177
-1.5996005107347284
0.7003702840124858
1.4618805290773038
-0.3132609374249312
-3.15002020145318
0.8646100138856121
-1.9698049584662227
1.9830155282726705
1.101400399255744
-0.9971861079323919
0.3926233814707543
1.964678075315215
-0.8712545345913429
-0.11349510648422637
-1.1082824771316033
-0.2986135194219148
0.0964691360147426
0.320218685316248
1.0903392469919853
0.6631622734136939
0.1751632416367437
-2.0620971598536615
0.4899829298349776
-0.17187917781022155
1.410420603323515
-0.7824733642431181
1.3378320011808582
-1.0124076297779254
